CTCTCG	ATAAGC	CGGTTA	AGGATG	GCTAAC	ATCGTC	TGAAAC	CGCCAA	ATCTGT	CATAGC	ATGCGA	TGAGTT	TGGCGG	GATGAG	CTTGCC	TTGAGT	AAGTCT	ATTATT	CCTACA	GTGTAT	CACAAT	TAACGT	ACATAG	GGACAT	GCGCTT	TATCCC	GCTTGT	ACGGGG	CTATAC	CGTCCG	GACCCA	TTCCAC	GTACTG	GTGGGC	TCGTGA	ATTTAA	TCGGTC	GCGGAA	TCCTTG	TATGTA	AACACG	GAGTTC	TTTGAT	AATCAT	GTAAAA	ACGAAT	TCATCT	AGTAGA	GAAGGA	TTCGGA	ATACCT	GAAACT	GGGACC	CTTCTA	GGTTTG	CCAGGC	GCATTA	AAACTC	ACCATA	GGCAGG	TTTTGG	CGTTAT	AGAGCG	GCCCGC	TAAATG	GGCGAC	TAGACA	CTGCAG	AGGTAC	TGTTCA	CAATGG	GTTACG	CCCCCT	TGCACT	TGTGGC	CCTTTC	CAGGAC	CCCGAG	TACTGC	TTGTCC	AGCCTT	TCTGCG	GGTGCT	ACCTCC	CACCTG	GCGTCG	ACTCTG	CGCATC	CCAATT	CGCGGT	TCTCAA	GGATGC	AACGAA	GACGTT	CTGGTT	TAGTAG
CTCTCG	0	5	4	5	6	4	6	4	3	5	5	6	5	5	3	5	4	5	4	4	4	6	4	6	6	5	5	5	3	3	4	4	4	5	5	4	6	6	3	6	3	5	5	6	5	6	4	6	6	4	4	5	5	4	4	5	5	6	5	4	3	4	4	5	5	5	5	3	5	4	3	3	3	4	6	4	5	3	4	3	5	4	5	3	3	3	5	4	5	4	6	5	5	5	4	4
ATAAGC	5	0	6	4	4	3	3	6	3	3	3	5	5	6	4	3	5	3	5	5	5	4	4	5	6	5	5	4	3	6	6	4	4	3	5	4	5	6	6	6	4	5	5	5	3	4	5	3	4	4	3	4	4	5	6	3	5	3	4	4	4	6	4	4	4	5	5	5	4	6	4	4	6	5	4	5	5	6	4	4	5	6	6	4	6	6	5	4	4	5	6	3	5	6	5	6
CGGTTA	4	6	0	3	6	5	5	3	5	5	4	4	4	6	5	5	4	5	4	4	5	6	5	5	4	6	5	5	4	4	5	6	5	5	3	4	4	4	4	4	6	3	6	6	5	5	5	4	5	5	6	6	4	3	3	5	3	5	4	5	5	3	5	6	5	5	4	4	3	3	4	6	5	5	5	3	4	5	5	4	4	6	5	5	4	4	5	3	4	4	5	4	5	5	3	4
AGGATG	5	4	3	0	5	4	4	5	5	5	4	4	3	5	6	4	4	3	5	5	5	6	4	5	4	6	6	3	6	4	6	6	4	5	5	5	4	5	4	5	3	4	6	5	5	3	6	3	6	6	5	5	3	5	3	6	5	4	3	3	5	5	3	6	3	5	4	4	3	5	5	4	6	4	5	5	5	5	6	5	3	5	5	5	4	4	3	3	4	5	6	5	5	5	4	4
GCTAAC	6	4	6	5	0	5	3	5	6	3	6	6	6	3	4	5	6	4	3	4	4	6	4	4	4	4	3	5	4	5	5	4	5	4	5	4	4	3	5	5	5	4	4	4	3	3	5	4	5	6	6	4	3	5	4	4	4	5	4	4	5	4	6	3	5	3	5	5	4	5	6	3	5	5	4	3	4	4	5	5	6	4	4	4	6	4	4	4	4	6	3	4	5	5	6	5
ATCGTC	4	3	5	4	5	0	5	5	3	5	4	4	6	5	3	5	5	3	6	5	5	6	5	6	5	5	6	4	4	6	5	3	4	3	6	4	3	5	4	4	4	4	4	5	5	5	6	5	5	3	4	6	5	4	5	4	5	3	3	5	5	6	4	4	5	3	6	5	4	6	6	5	5	5	4	4	4	4	4	4	3	5	5	3	4	6	4	3	5	4	6	5	3	3	3	6
TGAAAC	6	3	5	4	3	5	0	4	6	4	6	3	4	5	5	4	6	5	5	5	4	4	4	3	6	4	6	6	3	5	6	3	5	5	5	5	4	5	5	5	5	5	4	5	3	4	4	4	5	5	5	4	3	6	5	4	5	4	5	4	5	4	4	5	3	3	4	5	3	4	5	5	6	3	3	5	4	5	4	4	5	5	5	5	6	6	6	3	4	5	4	3	5	6	6	4
CGCCAA	4	6	3	5	5	5	4	0	5	5	4	5	4	5	5	6	6	6	4	5	3	5	5	3	5	5	6	6	4	3	3	3	5	6	5	4	6	4	5	5	5	6	5	4	4	5	6	4	5	4	5	6	5	3	5	5	5	5	4	4	6	3	5	4	6	3	5	3	4	4	5	6	3	4	5	5	4	3	5	6	3	6	5	5	3	6	5	3	5	3	3	5	3	5	5	5
ATCTGT	3	3	5	5	6	3	6	5	0	5	3	5	5	6	5	3	3	3	6	3	4	4	4	5	5	6	3	4	4	6	5	4	5	4	4	3	6	6	4	6	4	5	4	4	5	4	4	4	5	3	3	5	6	5	5	5	5	5	4	4	3	4	5	4	6	5	6	5	4	5	4	5	4	4	5	5	6	5	3	4	3	6	5	3	5	5	5	5	5	3	6	4	4	4	4	5
CATAGC	5	3	5	5	3	5	4	5	5	0	5	6	5	4	3	4	5	4	3	6	3	4	6	6	6	3	4	5	4	4	5	5	6	4	5	5	5	6	6	4	4	4	5	4	5	5	6	3	4	5	6	4	4	4	5	3	6	4	5	4	4	4	6	4	4	5	4	5	5	5	3	4	5	5	3	3	3	5	3	5	6	5	5	5	4	6	5	3	4	4	5	4	5	5	5	5
ATGCGA	5	3	4	4	6	4	6	4	3	5	0	6	3	6	5	3	4	4	5	4	6	4	5	5	4	5	5	3	5	5	4	4	4	3	3	3	5	4	6	5	5	5	5	4	4	4	6	3	4	3	3	6	5	3	6	5	5	4	4	5	4	6	5	4	6	6	4	3	4	5	5	5	5	6	5	6	5	6	5	4	4	6	6	5	5	5	4	6	6	5	4	5	4	6	4	5
TGAGTT	6	5	4	4	6	4	3	5	5	6	6	0	4	5	5	4	5	4	6	5	5	3	5	3	4	5	5	5	5	5	6	5	4	5	5	6	3	5	4	3	6	5	3	5	5	5	3	5	4	4	4	4	5	5	4	4	4	4	5	5	5	4	3	6	3	4	5	6	5	4	5	6	5	3	3	5	5	5	5	5	3	4	3	6	5	6	5	4	3	3	5	4	5	3	3	5
TGGCGG	5	5	4	3	6	6	4	4	5	5	3	4	0	5	6	3	5	6	6	5	6	3	5	4	4	4	5	3	6	3	5	4	4	4	3	6	4	5	4	5	5	5	5	5	6	5	5	4	5	4	5	6	4	5	4	5	6	5	6	3	3	5	4	4	4	5	4	3	4	4	4	5	5	4	3	6	5	5	4	4	4	4	5	6	4	4	4	5	6	4	4	4	6	6	5	3
GATGAG	5	6	6	5	3	5	5	5	6	4	6	5	5	0	4	6	5	5	5	4	4	5	4	4	5	4	4	4	5	4	4	5	4	4	6	4	5	3	5	3	4	4	3	3	4	5	6	5	3	5	6	4	5	5	3	5	5	5	6	4	4	4	4	5	4	3	5	4	5	5	4	3	6	6	4	5	3	3	5	6	6	3	3	6	4	4	4	6	6	5	4	5	3	3	5	3
CTTGCC	3	4	5	6	4	3	5	5	5	3	5	5	6	4	0	5	5	4	3	5	5	6	6	6	6	3	5	5	3	3	5	4	5	3	6	4	4	5	6	4	5	5	3	5	5	6	5	5	5	4	4	5	4	3	5	3	6	5	6	6	4	4	4	5	6	4	5	4	5	4	5	3	4	5	3	3	3	4	5	3	6	3	3	4	5	5	5	4	5	4	5	5	5	5	3	6
TTGAGT	5	3	5	4	5	5	4	6	3	4	3	4	3	6	5	0	4	3	5	3	4	3	6	5	4	5	4	4	5	6	6	4	5	3	3	5	4	5	5	5	5	5	3	5	4	3	4	4	5	3	4	4	4	5	6	5	6	6	5	4	3	5	6	5	4	6	3	4	5	5	5	4	5	3	4	6	5	6	4	3	5	5	5	6	6	5	6	5	4	4	5	5	6	5	3	4
AAGTCT	4	5	4	4	6	5	6	6	3	5	4	5	5	5	5	4	0	4	5	3	4	4	4	5	4	4	4	4	5	5	4	6	6	5	4	4	5	5	5	5	3	3	5	3	6	3	3	5	5	6	3	3	4	6	5	6	5	4	5	6	5	4	4	6	5	6	3	5	3	4	4	5	4	4	6	5	4	6	4	3	4	5	4	3	5	3	5	6	5	5	6	5	4	4	4	3
ATTATT	5	3	5	3	4	3	5	6	3	4	4	4	6	5	4	3	4	0	4	4	4	5	5	5	4	5	4	5	5	5	6	5	4	5	6	3	5	6	5	4	4	5	3	3	4	3	5	3	6	5	3	4	5	3	4	6	5	4	3	5	4	4	5	6	4	6	5	5	5	5	6	3	5	4	5	4	6	6	6	5	3	5	4	5	5	6	3	4	3	5	5	6	5	4	3	6
CCTACA	4	5	4	5	3	6	5	4	6	3	5	6	6	5	3	5	5	4	0	6	4	6	5	6	5	4	4	5	5	3	4	6	6	6	4	4	5	4	5	4	4	6	5	5	4	4	4	3	5	5	5	4	4	3	5	4	4	6	3	5	5	4	5	5	5	6	3	5	6	3	5	3	3	4	5	3	5	4	6	5	6	3	4	4	5	4	4	4	3	5	3	6	5	6	5	6
GTGTAT	4	5	4	5	4	5	5	5	3	6	4	5	5	4	5	3	3	4	6	0	4	5	4	3	3	6	3	5	3	6	5	4	4	3	4	3	5	3	5	6	6	3	3	4	3	3	4	6	5	5	4	4	4	5	4	6	4	6	6	5	4	3	6	5	6	4	5	3	3	5	5	4	5	5	6	5	4	5	5	3	5	6	4	5	6	3	6	6	5	5	5	4	5	4	3	3
CACAAT	4	5	5	5	4	5	4	3	4	3	6	5	6	4	5	4	4	4	4	4	0	4	5	4	5	5	5	6	4	5	4	4	6	6	6	5	6	5	5	5	3	5	4	3	4	3	5	5	5	5	5	3	5	5	6	5	6	5	4	4	6	3	6	5	4	4	4	4	5	6	4	5	3	3	6	5	3	3	4	6	4	6	5	5	3	6	6	3	3	3	5	6	3	3	4	4
TAACGT	6	4	6	6	6	6	4	5	4	4	4	3	3	5	6	3	4	5	6	5	4	0	5	3	4	3	4	5	5	5	4	4	4	5	4	6	5	6	5	4	5	5	4	3	5	5	3	5	3	4	3	3	6	5	6	4	5	3	6	5	4	5	5	4	3	6	4	5	6	5	3	6	4	4	4	6	5	6	3	5	4	5	5	6	4	6	5	6	4	4	4	4	5	4	5	4
ACATAG	4	4	5	4	4	5	4	5	4	6	5	5	5	4	6	6	4	5	5	4	5	5	0	4	5	6	4	3	3	5	6	5	4	6	4	3	5	4	3	6	4	5	5	4	4	3	3	5	5	6	4	5	6	6	4	4	3	4	4	5	4	4	3	5	4	5	6	4	3	5	3	5	5	6	6	4	5	3	5	5	5	4	6	3	5	3	3	6	4	6	4	4	4	6	6	3
GGACAT	6	5	5	5	4	6	3	3	5	6	5	3	4	4	6	5	5	5	6	3	4	3	4	0	3	5	4	6	4	4	4	4	3	5	6	5	6	4	6	6	6	5	4	3	3	4	4	5	4	6	3	3	4	5	4	5	4	4	6	4	6	3	4	4	5	3	6	4	4	5	5	5	4	4	5	6	5	5	6	6	3	6	3	6	5	5	5	5	4	4	4	3	5	4	5	5
GCGCTT	6	6	4	4	4	5	6	5	5	6	4	4	4	5	6	4	4	4	5	3	5	4	5	3	0	5	3	4	6	5	4	5	3	4	4	6	3	3	4	5	6	3	5	4	5	3	4	6	5	6	4	4	4	4	4	5	3	4	4	5	6	5	6	3	5	5	5	4	5	6	6	5	3	5	6	4	5	5	6	5	3	5	4	5	4	3	3	5	3	5	4	5	6	3	3	5
TATCCC	5	5	6	6	4	5	4	5	6	3	5	5	4	4	3	5	4	5	4	6	5	3	6	5	5	0	5	6	5	3	3	3	5	5	5	5	4	6	5	3	4	4	4	3	6	6	4	5	5	5	4	4	4	4	5	5	6	3	6	6	4	5	5	4	4	5	3	5	5	3	5	4	4	4	3	4	4	6	3	3	5	3	4	4	4	5	4	5	6	6	3	5	5	5	6	4
GCTTGT	5	5	5	6	3	6	6	6	3	4	5	5	5	4	5	4	4	4	4	3	5	4	4	4	3	5	0	4	5	5	5	6	5	4	3	4	5	4	4	5	6	4	4	4	5	4	3	4	4	5	5	4	5	5	3	4	3	6	5	4	3	3	6	3	6	5	6	6	5	4	4	4	4	5	4	3	6	5	4	5	5	4	3	4	6	3	4	6	4	4	4	3	6	4	5	5
ACGGGG	5	4	5	3	5	4	6	6	4	5	3	5	3	4	5	4	4	5	5	5	6	5	3	6	4	6	4	0	6	5	6	6	5	3	3	5	3	3	4	5	4	5	5	5	6	3	5	4	4	4	5	6	5	6	5	3	5	5	4	4	4	6	3	4	5	5	5	4	4	6	4	5	5	6	4	5	4	3	5	5	5	3	5	4	5	3	3	6	5	4	5	5	4	5	4	4
CTATAC	3	3	4	6	4	4	3	4	4	4	5	5	6	5	3	5	5	5	5	3	4	5	3	4	6	5	5	6	0	5	6	3	4	4	5	3	5	5	5	6	6	4	4	5	3	5	4	6	5	5	4	5	5	4	5	3	4	4	6	6	4	3	5	5	5	4	6	3	3	5	3	5	5	6	5	3	3	4	4	3	6	6	6	4	5	5	6	4	4	5	5	3	5	6	4	4
CGTCCG	3	6	4	4	5	6	5	3	6	4	5	5	3	4	3	6	5	5	3	6	5	5	5	4	5	3	5	5	5	0	4	5	4	6	6	5	6	6	5	5	4	6	5	4	6	6	5	4	6	6	4	5	4	3	3	5	6	5	6	4	4	3	3	5	5	5	5	3	5	3	4	3	3	4	4	4	5	4	6	5	4	3	3	5	3	4	3	4	5	4	4	5	6	6	5	5
GACCCA	4	6	5	6	5	5	6	3	5	5	4	6	5	4	5	6	4	6	4	5	4	4	6	4	4	3	5	6	6	4	0	4	4	5	5	5	6	4	5	4	3	4	6	4	4	6	5	5	3	4	4	3	4	4	5	6	4	4	4	4	6	6	5	3	5	4	3	5	6	4	5	4	3	4	6	6	5	5	4	5	4	5	4	4	3	4	5	5	6	5	4	5	3	3	6	5
TTCCAC	4	4	6	6	4	3	3	3	4	5	4	5	4	5	4	4	6	5	6	4	4	4	5	4	5	3	6	6	3	5	4	0	4	4	5	4	4	5	4	5	5	5	3	4	4	5	5	6	6	3	4	6	5	4	6	5	6	4	5	5	4	5	6	3	5	3	5	3	4	5	6	5	4	4	4	5	4	4	3	3	4	5	6	4	4	6	5	4	6	5	3	5	4	5	5	4
GTACTG	4	4	5	4	5	4	5	5	5	6	4	4	4	4	5	5	6	4	6	4	6	4	4	3	3	5	5	5	4	4	4	4	0	4	6	5	5	5	4	5	5	4	5	5	3	6	5	6	4	5	3	4	5	3	3	5	3	3	5	4	4	6	4	4	3	5	6	3	6	6	4	3	5	6	6	5	6	5	6	5	4	5	5	6	3	4	3	5	4	6	5	4	6	4	4	5
GTGGGC	5	3	5	5	4	3	5	6	4	4	3	5	4	4	3	3	5	5	6	3	6	5	6	5	4	5	4	3	4	6	5	4	4	0	4	5	3	3	6	5	6	3	4	6	4	5	6	5	3	3	5	5	3	5	5	3	5	5	6	4	4	6	5	3	6	3	5	4	4	6	5	4	6	6	3	5	3	5	4	3	6	5	4	5	6	4	6	5	6	4	6	3	5	4	3	5
TCGTGA	5	5	3	5	5	6	5	5	4	5	3	5	3	6	6	3	4	6	4	4	6	4	4	6	4	5	3	3	5	6	5	5	6	4	0	4	3	3	3	4	6	4	5	6	5	4	3	4	4	3	6	6	5	5	5	4	3	6	4	5	3	5	6	4	5	6	3	5	4	3	4	6	5	5	4	4	5	5	3	3	6	4	6	4	6	3	5	6	5	5	3	4	5	6	5	3
ATTTAA	4	4	4	5	4	4	5	4	3	5	3	6	6	4	4	5	4	3	4	3	5	6	3	5	6	5	4	5	3	5	5	4	5	5	4	0	6	4	5	4	5	5	3	3	3	4	5	3	5	4	4	6	6	3	4	6	4	5	4	6	3	3	5	6	6	5	5	4	3	3	5	4	6	6	5	4	5	5	5	4	5	5	5	4	6	5	4	6	6	6	3	5	3	6	5	4
TCGGTC	6	5	4	4	4	3	4	6	6	5	5	3	4	5	4	4	5	5	5	5	6	5	5	6	3	4	5	3	5	6	6	4	5	3	3	6	0	3	3	3	6	3	4	6	6	4	4	6	5	4	6	6	4	5	5	3	4	4	4	6	5	6	5	4	4	4	4	5	4	5	6	6	5	5	3	3	3	4	4	3	5	3	5	4	5	4	4	4	4	5	4	5	5	4	3	4
GCGGAA	6	6	4	5	3	5	5	4	6	6	4	5	5	3	5	5	5	6	4	3	5	6	4	4	3	6	4	3	5	6	4	5	5	3	3	4	3	0	5	4	6	4	4	5	3	3	5	5	3	4	6	5	4	5	5	4	3	6	4	5	6	5	5	4	6	3	4	4	4	5	6	5	5	6	5	5	3	3	6	5	6	4	4	5	6	3	5	6	5	5	3	5	3	4	4	4
TCCTTG	3	6	4	4	5	4	5	5	4	6	6	4	4	5	6	5	5	5	5	5	5	5	3	6	4	5	4	4	5	5	5	4	4	6	3	5	3	5	0	4	4	4	5	6	6	5	3	6	6	4	6	6	6	5	3	5	3	5	3	4	3	5	5	4	3	5	5	5	5	4	4	5	4	4	5	3	6	3	3	4	4	3	6	3	3	3	3	4	4	5	4	5	5	4	5	3
TATGTA	6	6	4	5	5	4	5	5	6	4	5	3	5	3	4	5	5	4	4	6	5	4	6	6	5	3	5	5	6	5	4	5	5	5	4	4	3	4	4	0	5	4	3	4	5	6	5	4	3	3	6	5	6	3	4	5	4	4	4	6	4	5	5	6	3	5	3	6	6	3	5	5	6	5	3	4	4	5	4	5	5	3	4	6	4	6	4	5	5	5	3	6	3	3	4	4
AACACG	3	4	6	3	5	4	5	5	4	4	5	6	5	4	5	5	3	4	4	6	3	5	4	6	6	4	6	4	6	4	3	5	5	6	6	5	6	6	4	5	0	5	6	4	5	4	5	4	5	5	4	3	4	6	5	6	6	4	3	3	5	6	3	5	3	5	3	5	5	5	4	3	4	3	6	6	5	4	4	5	4	4	5	3	3	4	4	4	5	5	6	6	3	4	6	4
GAGTTC	5	5	3	4	4	4	5	6	5	4	5	5	5	4	5	5	3	5	6	3	5	5	5	5	3	4	4	5	4	6	4	5	4	3	4	5	3	4	4	4	5	0	6	5	5	5	5	6	4	6	6	4	3	5	3	5	3	3	5	5	5	5	6	4	4	4	4	5	3	5	4	5	6	6	5	3	3	6	3	3	5	6	5	4	4	3	5	4	5	6	6	3	5	3	4	3
TTTGAT	5	5	6	6	4	4	4	5	4	5	5	3	5	3	3	3	5	3	5	3	4	4	5	4	5	4	4	5	4	5	6	3	5	4	5	3	4	4	5	3	6	6	0	3	4	4	4	5	5	3	4	5	6	4	5	5	6	6	6	6	3	3	5	6	5	4	5	4	5	4	6	4	5	4	3	5	4	4	5	4	5	3	3	6	6	6	5	6	5	4	3	6	4	4	3	4
AATCAT	6	5	6	5	4	5	5	4	4	4	4	5	5	3	5	5	3	3	5	4	3	3	4	3	4	3	4	5	5	4	4	4	5	6	6	3	6	5	6	4	4	5	3	0	5	3	5	4	5	6	3	4	6	4	5	6	6	3	5	6	5	3	5	5	5	5	5	4	4	5	5	5	4	5	5	5	4	5	5	6	3	5	4	5	4	6	3	6	5	5	3	6	3	4	5	4
GTAAAA	5	3	5	5	3	5	3	4	5	5	4	5	6	4	5	4	6	4	4	3	4	5	4	3	5	6	5	6	3	6	4	4	3	4	5	3	6	3	6	5	5	5	4	5	0	4	5	4	3	4	4	3	4	4	5	5	3	5	4	4	5	5	5	5	4	4	4	4	5	5	5	3	6	5	6	6	5	5	6	5	6	6	5	6	6	5	6	5	4	6	4	4	4	5	5	5
ACGAAT	6	4	5	3	3	5	4	5	4	5	4	5	5	5	6	3	3	3	4	3	3	5	3	4	3	6	4	3	5	6	6	5	6	5	4	4	4	3	5	6	4	5	4	3	4	0	4	4	6	6	4	4	4	6	6	5	5	5	3	5	6	4	5	5	5	5	4	4	3	6	6	5	4	4	6	5	4	4	6	5	4	5	5	4	6	4	4	5	3	5	4	6	4	5	4	4
TCATCT	4	5	5	6	5	6	4	6	4	6	6	3	5	6	5	4	3	5	4	4	5	3	3	4	4	4	3	5	4	5	5	5	5	6	3	5	4	5	3	5	5	5	4	5	5	4	0	6	5	5	3	3	5	6	5	4	3	5	5	6	4	4	4	5	4	6	4	6	5	3	4	5	3	3	5	4	6	5	4	3	5	3	4	3	6	3	5	6	3	5	4	4	6	5	5	4
AGTAGA	6	3	4	3	4	5	4	4	4	3	3	5	4	5	5	4	5	3	3	6	5	5	5	5	6	5	4	4	6	4	5	6	6	5	4	3	6	5	6	4	4	6	5	4	4	4	6	0	4	4	5	5	4	4	4	5	5	5	3	3	4	4	4	5	5	5	4	6	4	3	5	4	6	4	3	5	6	6	5	6	4	5	4	5	6	6	4	4	5	4	4	4	4	6	6	6
GAAGGA	6	4	5	6	5	5	5	5	5	4	4	4	5	3	5	5	5	6	5	5	5	3	5	4	5	5	4	4	5	6	3	6	4	3	4	5	5	3	6	3	5	4	5	5	3	6	5	4	0	3	5	3	5	5	5	3	3	4	5	4	5	6	4	4	4	4	4	6	6	5	3	5	6	6	4	6	4	5	4	6	6	5	4	6	5	5	6	6	5	4	5	3	3	3	5	5
TTCGGA	4	4	5	6	6	3	5	4	3	5	3	4	4	5	4	3	6	5	5	5	5	4	6	6	6	5	5	4	5	6	4	3	5	3	3	4	4	4	4	3	5	6	3	6	4	6	5	4	3	0	5	6	6	4	6	4	5	6	4	4	3	6	5	4	5	4	4	5	6	4	5	5	5	4	3	6	5	4	3	4	5	4	5	5	5	6	6	5	6	3	4	5	3	4	4	5
ATACCT	4	3	6	5	6	4	5	5	3	6	3	4	5	6	4	4	3	3	5	4	5	3	4	3	4	4	5	5	4	4	4	4	3	5	6	4	6	6	6	6	4	6	4	3	4	4	3	5	5	5	0	3	5	4	6	5	5	3	5	6	5	5	3	5	5	6	5	4	5	5	5	4	3	4	6	6	6	6	6	4	3	5	4	4	5	5	4	6	4	5	5	5	5	5	4	6
GAAACT	5	4	6	5	4	6	4	6	5	4	6	4	6	4	5	4	3	4	4	4	3	3	5	3	4	4	4	6	5	5	3	6	4	5	6	6	6	5	6	5	3	4	5	4	3	4	3	5	3	6	3	0	3	6	5	5	4	4	5	4	6	5	4	5	3	5	3	6	6	5	4	3	4	3	6	6	5	6	5	5	5	5	3	5	5	4	6	5	3	5	6	4	5	3	5	5
GGGACC	5	4	4	3	3	5	3	5	6	4	5	5	4	5	4	4	4	5	4	4	5	6	6	4	4	4	5	5	5	4	4	5	5	3	5	6	4	4	6	6	4	3	6	6	4	4	5	4	5	6	5	3	0	6	4	5	5	5	5	3	6	5	4	4	5	3	3	5	3	4	6	3	5	3	4	5	4	6	5	3	5	5	3	4	6	3	6	3	5	5	6	3	6	5	5	5
CTTCTA	4	5	3	5	5	4	6	3	5	4	3	5	5	5	3	5	6	3	3	5	5	5	6	5	4	4	5	6	4	3	4	4	3	5	5	3	5	5	5	3	6	5	4	4	4	6	6	4	5	4	4	6	6	0	4	5	4	4	4	6	4	4	6	5	5	6	5	3	6	4	5	4	4	6	5	3	5	5	6	5	4	5	5	6	3	6	3	4	4	5	3	6	5	5	3	6
GGTTTG	4	6	3	3	4	5	5	5	5	5	6	4	4	3	5	6	5	4	5	4	6	6	4	4	4	5	3	5	5	3	5	6	3	5	5	4	5	5	3	4	5	3	5	5	5	6	5	4	5	6	6	5	4	4	0	6	3	5	5	3	3	3	4	5	4	4	6	5	4	3	4	3	6	5	4	3	6	5	5	5	4	4	3	5	4	3	3	4	5	5	5	3	6	4	5	4
CCAGGC	5	3	5	6	4	4	4	5	5	3	5	4	5	5	3	5	6	6	4	6	5	4	4	5	5	5	4	3	3	5	6	5	5	3	4	6	3	4	5	5	6	5	5	6	5	5	4	5	3	4	5	5	5	5	6	0	4	4	5	5	5	5	4	3	5	4	6	5	5	6	3	6	4	6	3	3	3	3	4	5	6	4	5	4	5	5	5	4	3	3	5	3	5	5	4	6
GCATTA	5	5	3	5	4	5	5	5	5	6	5	4	6	5	6	6	5	5	4	4	6	5	3	4	3	6	3	5	4	6	4	6	3	5	3	4	4	3	3	4	6	3	6	6	3	5	3	5	3	5	5	4	5	4	3	4	0	4	3	5	5	5	5	4	4	5	5	6	5	4	4	5	5	6	6	3	6	5	5	5	5	5	5	4	5	3	4	5	3	6	4	3	5	4	5	5
AAACTC	6	3	5	4	5	3	4	5	5	4	4	4	5	5	5	6	4	4	6	6	5	3	4	4	4	3	6	5	4	5	4	4	3	5	6	5	4	6	5	4	4	3	6	3	5	5	5	5	4	6	3	4	5	4	5	4	4	0	4	6	6	6	4	4	3	5	5	5	4	6	4	6	5	6	5	4	4	6	4	5	3	6	6	4	3	6	3	4	4	6	5	4	4	4	5	5
ACCATA	5	4	4	3	4	3	5	4	4	5	4	5	6	6	6	5	5	3	3	6	4	6	4	6	4	6	5	4	6	6	4	5	5	6	4	4	4	4	3	4	3	5	6	5	4	3	5	3	5	4	5	5	5	4	5	5	3	4	0	4	6	6	5	4	4	5	4	6	5	5	6	5	4	4	6	4	6	4	5	6	3	5	6	3	4	5	3	3	3	5	4	6	3	4	5	6
GGCAGG	4	4	5	3	4	5	4	4	4	4	5	5	3	4	6	4	6	5	5	5	4	5	5	4	5	6	4	4	6	4	4	5	4	4	5	6	6	5	4	6	3	5	6	6	4	5	6	3	4	4	6	4	3	6	3	5	5	6	4	0	4	5	4	3	4	3	5	5	5	5	4	3	5	3	4	6	6	4	4	6	4	5	4	5	4	4	5	3	5	3	6	3	5	4	6	5
TTTTGG	3	4	5	5	5	5	5	6	3	4	4	5	3	4	4	3	5	4	5	4	6	4	4	6	6	4	3	4	4	4	6	4	4	4	3	3	5	6	3	4	5	5	3	5	5	6	4	4	5	3	5	6	6	4	3	5	5	6	6	4	0	4	5	5	4	6	5	4	5	3	3	3	6	5	3	4	6	5	3	3	6	3	5	5	5	4	4	6	6	5	4	4	6	6	5	3
CGTTAT	4	6	3	5	4	6	4	3	4	4	6	4	5	4	4	5	4	4	4	3	3	5	4	3	5	5	3	6	3	3	6	5	6	6	5	3	6	5	5	5	6	5	3	3	5	4	4	4	6	6	5	5	5	4	3	5	5	6	6	5	4	0	5	6	6	4	6	4	3	3	4	5	4	4	4	3	4	4	5	5	4	5	3	5	5	5	5	4	4	3	4	4	5	5	4	4
AGAGCG	4	4	5	3	6	4	4	5	5	6	5	3	4	4	4	6	4	5	5	6	6	5	3	4	6	5	6	3	5	3	5	6	4	5	6	5	5	5	5	5	3	6	5	5	5	5	4	4	4	5	3	4	4	6	4	4	5	4	5	4	5	5	0	6	4	4	5	5	4	4	4	4	5	4	4	6	5	4	6	5	4	3	3	4	5	4	4	5	5	4	6	4	4	5	5	5
GCCCGC	5	4	6	6	3	4	5	4	4	4	4	6	4	5	5	5	6	6	5	5	5	4	5	4	3	4	3	4	5	5	3	3	4	3	4	6	4	4	4	6	5	4	6	5	5	5	5	5	4	4	5	5	4	5	5	3	4	4	4	3	5	6	6	0	6	3	6	5	5	6	5	5	3	5	4	4	5	4	3	5	4	5	5	3	4	4	4	4	5	4	4	3	5	4	6	6
TAAATG	5	4	5	3	5	5	3	6	6	4	6	3	4	4	6	4	5	4	5	6	4	3	4	5	5	4	6	5	5	5	5	5	3	6	5	6	4	6	3	3	3	4	5	5	4	5	4	5	4	5	5	3	5	5	4	5	4	3	4	4	4	6	4	6	0	6	3	5	6	5	3	4	6	4	5	5	5	5	4	5	5	4	6	6	3	5	4	4	3	6	5	5	5	4	5	3
GGCGAC	5	5	5	5	3	3	3	3	5	5	6	4	5	3	4	6	6	6	6	4	4	6	5	3	5	5	5	5	4	5	4	3	5	3	6	5	4	3	5	5	5	4	4	5	4	5	6	5	4	4	6	5	3	6	4	4	5	5	5	3	6	4	4	3	6	0	6	5	3	5	6	5	5	4	3	5	3	3	4	5	4	5	3	4	5	5	6	3	6	3	5	3	3	3	5	5
TAGACA	5	5	4	4	5	6	4	5	6	4	4	5	4	5	5	3	3	5	3	5	4	4	6	6	5	3	6	5	6	5	3	5	6	5	3	5	4	4	5	3	3	4	5	5	4	4	4	4	4	4	5	3	3	5	6	6	5	5	4	5	5	6	5	6	3	6	0	5	5	3	5	4	5	3	5	6	4	6	4	3	6	4	5	5	5	4	6	5	5	6	4	6	4	5	5	3
CTGCAG	3	5	4	4	5	5	5	3	5	5	3	6	3	4	4	4	5	5	5	3	4	5	4	4	4	5	6	4	3	3	5	3	3	4	5	4	5	4	5	6	5	5	4	4	4	4	6	6	6	5	4	6	5	3	5	5	6	5	6	5	4	4	5	5	5	5	5	0	4	6	4	4	4	6	6	5	3	3	6	4	5	5	6	6	3	4	4	5	5	5	4	6	5	6	3	3
AGGTAC	5	4	3	3	4	4	3	4	4	5	4	5	4	5	5	5	3	5	6	3	5	6	3	4	5	5	5	4	3	5	6	4	6	4	4	3	4	4	5	6	5	3	5	4	5	3	5	4	6	6	5	6	3	6	4	5	5	4	5	5	5	3	4	5	6	3	5	4	0	4	5	6	6	5	4	4	3	5	4	3	4	6	5	3	6	4	5	4	6	5	5	3	4	6	5	3
TGTTCA	4	6	3	5	5	6	4	4	5	5	5	4	4	5	4	5	4	5	3	5	6	5	5	5	6	3	4	6	5	3	4	5	6	6	3	3	5	5	4	3	5	5	4	5	5	6	3	3	5	4	5	5	4	4	3	6	4	6	5	5	3	3	4	6	5	5	3	6	4	0	5	4	5	3	3	4	6	6	4	3	5	3	3	4	6	4	5	5	6	5	3	4	5	6	6	4
CAATGG	3	4	4	5	6	6	5	5	4	3	5	5	4	4	5	5	4	6	5	5	4	3	3	5	6	5	4	4	3	4	5	6	4	5	4	5	6	6	4	5	4	4	6	5	5	6	4	5	3	5	5	4	6	5	4	3	4	4	6	4	3	4	4	5	3	6	5	4	5	5	0	5	5	6	5	4	4	4	3	5	6	5	6	5	3	4	5	5	4	4	6	3	5	5	5	3
GTTACG	3	4	6	4	3	5	5	6	5	4	5	6	5	3	3	4	5	3	3	4	5	6	5	5	5	4	4	5	5	3	4	5	3	4	6	4	6	5	5	5	3	5	4	5	3	5	5	4	5	5	4	3	3	4	3	6	5	6	5	3	3	5	4	5	4	5	4	4	6	4	5	0	5	4	5	5	6	5	6	4	6	3	3	5	5	3	4	5	5	6	5	5	6	5	5	5
CCCCCT	3	6	5	6	5	5	6	3	4	5	5	5	5	6	4	5	4	5	3	5	3	4	5	4	3	4	4	5	5	3	3	4	5	6	5	6	5	5	4	6	4	6	5	4	6	4	3	6	6	5	3	4	5	4	6	4	5	5	4	5	6	4	5	3	6	5	5	4	6	5	5	5	0	3	6	4	5	3	5	5	3	4	4	3	3	4	4	4	3	3	4	6	5	4	4	6
TGCACT	4	5	5	4	5	5	3	4	4	5	6	3	4	6	5	3	4	4	4	5	3	4	6	4	5	4	5	6	6	4	4	4	6	6	5	6	5	6	4	5	3	6	4	5	5	4	3	4	6	4	4	3	3	6	5	6	6	6	4	3	5	4	4	5	4	4	3	6	5	3	6	4	3	0	4	6	6	5	4	4	3	4	3	4	5	5	6	3	4	3	5	5	5	4	5	5
TGTGGC	6	4	5	5	4	4	3	5	5	3	5	3	3	4	3	4	6	5	5	6	6	4	6	5	6	3	4	4	5	4	6	4	6	3	4	5	3	5	5	3	6	5	3	5	6	6	5	3	4	3	6	6	4	5	4	3	6	5	6	4	3	4	4	4	5	3	5	6	4	3	5	5	6	4	0	4	4	5	3	4	5	3	3	5	6	6	5	4	6	3	4	3	5	5	5	5
CCTTTC	4	5	3	5	3	4	5	5	5	3	6	5	6	5	3	6	5	4	3	5	5	6	4	6	4	4	3	5	3	4	6	5	5	5	4	4	3	5	3	4	6	3	5	5	6	5	4	5	6	6	6	6	5	3	3	3	3	4	4	6	4	3	6	4	5	5	6	5	4	4	4	5	4	6	4	0	4	4	4	4	5	4	5	3	4	4	3	3	3	5	4	4	6	5	4	5
CAGGAC	5	5	4	5	4	4	4	4	6	3	5	5	5	3	3	5	4	6	5	4	3	5	5	5	5	4	6	4	3	5	5	4	6	3	5	5	3	3	6	4	5	3	4	4	5	4	6	6	4	5	6	5	4	5	6	3	6	4	6	6	6	4	5	5	5	3	4	3	3	6	4	6	5	6	4	4	0	3	4	4	6	5	5	5	4	5	6	4	5	4	5	5	3	4	3	3
CCCGAG	3	6	5	5	4	4	5	3	5	5	6	5	5	3	4	6	6	6	4	5	3	6	3	5	5	6	5	3	4	4	5	4	5	5	5	5	4	3	3	5	4	6	4	5	5	4	5	6	5	4	6	6	6	5	5	3	5	6	4	4	5	4	4	4	5	3	6	3	5	6	4	5	3	5	5	4	3	0	5	6	5	3	5	4	3	4	4	4	4	3	4	6	3	4	4	4
TACTGC	4	4	5	6	5	4	4	5	3	3	5	5	4	5	5	4	4	6	6	5	4	3	5	6	6	3	4	5	4	6	4	3	6	4	3	5	4	6	3	4	4	3	5	5	6	6	4	5	4	3	6	5	5	6	5	4	5	4	5	4	3	5	6	3	4	4	4	6	4	4	3	6	5	4	3	4	4	5	0	3	5	5	6	3	4	5	6	4	6	4	5	3	4	4	6	3
TTGTCC	3	4	4	5	5	4	4	6	4	5	4	5	4	6	3	3	3	5	5	3	6	5	5	6	5	3	5	5	3	5	5	3	5	3	3	4	3	5	4	5	5	3	4	6	5	5	3	6	6	4	4	5	3	5	5	5	5	5	6	6	3	5	5	5	5	5	3	4	3	3	5	4	5	4	4	4	4	6	3	0	6	4	5	3	6	3	6	5	6	6	5	4	6	6	4	3
AGCCTT	5	5	4	3	6	3	5	3	3	6	4	3	4	6	6	5	4	3	6	5	4	4	5	3	3	5	5	5	6	4	4	4	4	6	6	5	5	6	4	5	4	5	5	3	6	4	5	4	6	5	3	5	5	4	4	6	5	3	3	4	6	4	4	4	5	4	6	5	4	5	6	6	3	3	5	5	6	5	5	6	0	6	4	4	3	6	3	3	4	3	5	5	4	3	4	6
TCTGCG	4	6	6	5	4	5	5	6	6	5	6	4	4	3	3	5	5	5	3	6	6	5	4	6	5	3	4	3	6	3	5	5	5	5	4	5	3	4	3	3	4	6	3	5	6	5	3	5	5	4	5	5	5	5	4	4	5	6	5	5	3	5	3	5	4	5	4	5	6	3	5	3	4	4	3	4	5	3	5	4	6	0	3	4	5	3	3	6	5	5	3	6	5	5	5	4
GGTGCT	5	6	5	5	4	5	5	5	5	5	6	3	5	3	3	5	4	4	4	4	5	5	6	3	4	4	3	5	6	3	4	6	5	4	6	5	5	4	6	4	5	5	3	4	5	5	4	4	4	5	4	3	3	5	3	5	5	6	6	4	5	3	3	5	6	3	5	6	5	3	6	3	4	3	3	5	5	5	6	5	4	3	0	5	6	4	5	5	5	3	5	4	5	3	4	6
ACCTCC	3	4	5	5	4	3	5	5	3	5	5	6	6	6	4	6	3	5	4	5	5	6	3	6	5	4	4	4	4	5	4	4	6	5	4	4	4	5	3	6	3	4	6	5	6	4	3	5	6	5	4	5	4	6	5	4	4	4	3	5	5	5	4	3	6	4	5	6	3	4	5	5	3	4	5	3	5	4	3	3	4	4	5	0	5	3	4	4	5	5	5	4	4	5	6	5
CACCTG	3	6	4	4	6	4	6	3	5	4	5	5	4	4	5	6	5	5	5	6	3	4	5	5	4	4	6	5	5	3	3	4	3	6	6	6	5	6	3	4	3	4	6	4	6	6	6	6	5	5	5	5	6	3	4	5	5	3	4	4	5	5	5	4	3	5	5	3	6	6	3	5	3	5	6	4	4	3	4	6	3	5	6	5	0	5	3	3	4	4	5	6	4	3	4	4
GCGTCG	3	6	4	4	4	6	6	6	5	6	5	6	4	4	5	5	3	6	4	3	6	6	3	5	3	5	3	3	5	4	4	6	4	4	3	5	4	3	3	6	4	3	6	6	5	4	3	6	5	6	5	4	3	6	3	5	3	6	5	4	4	5	4	4	5	5	4	4	4	4	4	3	4	5	6	4	5	4	5	3	6	3	4	3	5	0	4	6	5	6	5	4	6	5	5	3
ACTCTG	5	5	5	3	4	4	6	5	5	5	4	5	4	4	5	6	5	3	4	6	6	5	3	5	3	4	4	3	6	3	5	5	3	6	5	4	4	5	3	4	4	5	5	3	6	4	5	4	6	6	4	6	6	3	3	5	4	3	3	5	4	5	4	4	4	6	6	4	5	5	5	4	4	6	5	3	6	4	6	6	3	3	5	4	3	4	0	5	4	6	3	6	5	5	5	5
CGCATC	4	4	3	3	4	3	3	3	5	3	6	4	5	6	4	5	6	4	4	6	3	6	6	5	5	5	6	6	4	4	5	4	5	5	6	6	4	6	4	5	4	4	6	6	5	5	6	4	6	5	6	5	3	4	4	4	5	4	3	3	6	4	5	4	4	3	5	5	4	5	5	5	4	3	4	3	4	4	4	5	3	6	5	4	3	6	5	0	3	3	6	4	5	4	4	6
CCAATT	5	4	4	4	4	5	4	5	5	4	6	3	6	6	5	4	5	3	3	5	3	4	4	4	3	6	4	5	4	5	6	6	4	6	5	6	4	5	4	5	5	5	5	5	4	3	3	5	5	6	4	3	5	4	5	3	3	4	3	5	6	4	5	5	3	6	5	5	6	6	4	5	3	4	6	3	5	4	6	6	4	5	5	5	4	5	4	3	0	4	5	5	6	4	3	6
CGCGGT	4	5	4	5	6	4	5	3	3	4	5	3	4	5	4	4	5	5	5	5	3	4	6	4	5	6	4	4	5	4	5	5	6	4	5	6	5	5	5	5	5	6	4	5	6	5	5	4	4	3	5	5	5	5	5	3	6	6	5	3	5	3	4	4	6	3	6	5	5	5	4	6	3	3	3	5	4	3	4	6	3	5	3	5	4	6	6	3	4	0	6	4	4	3	3	6
TCTCAA	6	6	5	6	3	6	4	3	6	5	4	5	4	4	5	5	6	5	3	5	5	4	4	4	4	3	4	5	5	4	4	3	5	6	3	3	4	3	4	3	6	6	3	3	4	4	4	4	5	4	5	6	6	3	5	5	4	5	4	6	4	4	6	4	5	5	4	4	5	3	6	5	4	5	4	4	5	4	5	5	5	3	5	5	5	5	3	6	5	6	0	6	4	6	6	4
GGATGC	5	3	4	5	4	5	3	5	4	4	5	4	4	5	5	5	5	6	6	4	6	4	4	3	5	5	3	5	3	5	5	5	4	3	4	5	5	5	5	6	6	3	6	6	4	6	4	4	3	5	5	4	3	6	3	3	3	4	6	3	4	4	4	3	5	3	6	6	3	4	3	5	6	5	3	4	5	6	3	4	5	6	4	4	6	4	6	4	5	4	6	0	6	5	6	5
AACGAA	5	5	5	5	5	3	5	3	4	5	4	5	6	3	5	6	4	5	5	5	3	5	4	5	6	5	6	4	5	6	3	4	6	5	5	3	5	3	5	3	3	5	4	3	4	4	6	4	3	3	5	5	6	5	6	5	5	4	3	5	6	5	4	5	5	3	4	5	4	5	5	6	5	5	5	6	3	3	4	6	4	5	5	4	4	6	5	5	6	4	4	6	0	3	5	4
GACGTT	5	6	5	5	5	3	6	5	4	5	6	3	6	3	5	5	4	4	6	4	3	4	6	4	3	5	4	5	6	6	3	5	4	4	6	6	4	4	4	3	4	3	4	4	5	5	5	6	3	4	5	3	5	5	4	5	4	4	4	4	6	5	5	4	4	3	5	6	6	6	5	5	4	4	5	5	4	4	4	6	3	5	3	5	3	5	5	4	4	3	6	5	3	0	3	5
CTGGTT	4	5	3	4	6	3	6	5	4	5	4	3	5	5	3	3	4	3	5	3	4	5	6	5	3	6	5	4	4	5	6	5	4	3	5	5	3	4	5	4	6	4	3	5	5	4	5	6	5	4	4	5	5	3	5	4	5	5	5	6	5	4	5	6	5	5	5	3	5	6	5	5	4	5	5	4	3	4	6	4	4	5	4	6	4	5	5	4	3	3	6	6	5	3	0	5
TAGTAG	4	6	4	4	5	6	4	5	5	5	5	5	3	3	6	4	3	6	6	3	4	4	3	5	5	4	5	4	4	5	5	4	5	5	3	4	4	4	3	4	4	3	4	4	5	4	4	6	5	5	6	5	5	6	4	6	5	5	6	5	3	4	5	6	3	5	3	3	3	4	3	5	6	5	5	5	3	4	3	3	6	4	6	5	4	3	5	6	6	6	4	5	4	5	5	0
